@CONVERTED_FROM_TIME_SERIES
@ITEM=1=[-Infinity,-6.5644166832420785]
@ITEM=2=[-6.5644166832420785,-4.387477692219842]
@ITEM=3=[-4.387477692219842,-2.8803660830506006]
@ITEM=4=[-2.8803660830506006,-1.6523492163201081]
@ITEM=5=[-1.6523492163201081,-0.5917891950528644]
@ITEM=6=[-0.5917891950528644,0.41295187772662945]
@ITEM=7=[0.41295187772662945,1.3618740020183737]
@ITEM=8=[1.3618740020183737,2.254977177822368]
@ITEM=9=[2.254977177822368,3.2038993021141122]
@ITEM=10=[3.2038993021141122,4.208640374893607]
@ITEM=11=[4.208640374893607,5.26920039616085]
@ITEM=12=[5.26920039616085,6.4972172628913425]
@ITEM=13=[6.4972172628913425,8.004328872060583]
@ITEM=14=[8.004328872060583,10.18126786308282]
@ITEM=15=[10.18126786308282,Infinity]
@NAME=Series 0
6,3,3,4,6,6,6,6,6,6,4,6,3,6,4,4,4,4,4,4,14,14,14,14,14,14,14,14,14,14,
@NAME=Series 1
5,3,3,4,6,6,6,6,6,6,4,5,5,6,4,4,4,4,4,4,14,14,14,14,14,14,14,14,14,14,
@NAME=Series 2
5,4,3,3,5,6,6,6,6,6,3,4,4,4,4,3,3,3,3,3,14,14,14,14,14,14,14,14,14,14,
@NAME=Series 3
5,5,3,3,3,5,6,6,6,6,10,10,11,9,10,11,10,10,10,10,14,14,13,14,14,14,14,14,14,14,
@NAME=Series 4
6,6,6,6,4,4,4,5,6,6,5,5,5,5,7,5,6,6,5,5,14,14,14,14,14,14,14,14,14,14,
@NAME=Series 5
5,3,4,4,5,5,5,5,5,5,5,6,4,6,5,5,4,5,4,5,14,14,14,14,14,14,14,14,14,14,
@NAME=Series 6
5,3,3,4,5,5,5,5,5,5,6,6,4,6,5,5,5,5,5,5,14,14,14,14,14,14,14,14,14,14,
@NAME=Series 7
6,6,3,4,4,5,6,6,6,6,2,2,3,2,3,3,3,3,3,3,14,14,14,14,14,14,14,14,14,14,
@NAME=Series 8
5,5,4,4,4,5,5,5,5,5,11,11,11,8,11,11,10,10,10,10,14,14,14,14,14,14,14,14,14,14,
@NAME=Series 9
5,5,6,6,5,3,3,5,6,6,5,5,5,5,7,4,6,6,5,5,14,14,14,14,14,14,14,14,14,14,
@NAME=Series 10
6,5,5,5,5,5,5,5,5,5,8,8,4,5,8,7,7,7,7,7,14,14,14,14,14,14,14,14,14,14,
@NAME=Series 11
5,5,5,5,5,5,5,4,5,5,8,8,8,9,8,5,8,9,8,8,14,14,14,14,14,14,14,14,14,14,
@NAME=Series 12
5,5,4,4,5,5,4,5,5,5,2,2,2,2,1,2,3,2,2,2,14,14,14,13,13,13,14,14,14,14,
@NAME=Series 13
5,5,5,5,5,6,5,5,5,5,12,12,11,10,9,11,12,12,12,12,13,13,14,14,14,14,13,13,13,13,
@NAME=Series 14
6,6,5,4,5,4,5,5,5,5,6,6,8,5,5,7,7,7,7,7,14,14,14,14,14,14,14,14,14,14,
@NAME=Series 15
5,5,3,5,4,5,4,5,4,5,6,6,7,5,8,6,7,7,6,6,14,14,14,14,14,14,14,14,14,14,
@NAME=Series 16
6,6,6,5,4,4,5,5,5,5,6,6,6,7,3,8,6,7,7,7,14,14,14,14,14,14,14,14,14,14,
@NAME=Series 17
5,5,4,4,4,4,4,4,5,5,2,2,1,1,3,3,2,2,2,2,14,14,13,13,14,14,14,14,14,14,
@NAME=Series 18
5,5,5,3,3,4,5,5,5,5,13,13,13,14,12,14,14,14,14,14,12,12,12,10,13,9,11,11,11,11,
@NAME=Series 19
5,5,5,4,4,3,4,4,4,4,7,7,7,8,5,7,7,7,7,7,14,14,14,14,14,14,14,14,14,14,
@NAME=Series 20
5,4,6,6,5,5,5,5,5,5,7,5,4,7,6,6,6,6,6,6,14,14,14,14,14,14,14,14,14,14,
@NAME=Series 21
5,4,5,6,6,6,6,5,5,5,6,6,4,5,6,6,6,6,5,5,14,14,14,14,14,14,14,14,14,14,
@NAME=Series 22
5,4,4,5,5,5,5,5,5,5,1,2,2,1,2,2,2,2,2,2,13,13,13,13,14,14,13,13,13,13,
@NAME=Series 23
5,5,4,4,5,5,5,5,5,5,12,13,13,12,12,12,12,11,12,12,13,13,13,13,13,13,13,14,13,13,
@NAME=Series 24
5,5,5,4,5,5,5,5,5,5,7,7,8,7,5,7,8,7,7,7,14,14,14,14,14,14,14,14,14,14,
@NAME=Series 25
5,4,5,4,6,5,5,5,5,5,6,8,3,7,6,6,6,6,6,6,14,14,14,14,14,14,14,14,14,14,
@NAME=Series 26
5,5,4,5,5,5,5,5,5,5,6,6,7,3,6,5,5,5,5,5,14,14,14,14,14,14,14,14,14,14,
@NAME=Series 27
6,6,4,5,6,6,6,6,6,6,2,2,2,2,3,3,3,3,3,3,14,14,14,14,14,14,14,14,14,14,
@NAME=Series 28
5,5,5,4,4,5,5,5,5,5,9,9,10,7,7,8,8,8,7,7,14,14,14,14,14,14,14,14,14,14,
@NAME=Series 29
5,5,5,4,4,4,6,5,5,5,5,5,5,7,2,6,5,5,5,5,14,14,14,14,14,14,14,14,14,14,
@NAME=Series 30
4,4,4,5,5,5,5,5,5,5,7,5,4,6,6,6,5,5,5,5,14,14,14,14,14,14,14,14,14,14,
@NAME=Series 31
4,4,4,4,4,5,5,5,5,5,6,6,8,5,4,7,6,6,6,6,14,14,14,14,14,14,14,14,14,14,
@NAME=Series 32
5,5,5,5,5,5,5,5,5,5,2,2,1,1,1,1,1,1,1,1,13,14,13,11,13,13,13,13,13,13,
@NAME=Series 33
5,4,4,4,5,6,5,5,5,5,12,11,9,9,11,10,10,10,11,11,13,14,14,14,14,14,14,14,14,14,
@NAME=Series 34
5,5,5,4,4,4,5,5,5,5,7,7,7,8,5,4,7,6,5,5,14,14,14,14,14,14,14,14,14,14,
@NAME=Series 35
5,4,4,5,5,5,5,5,5,5,7,5,5,7,6,6,6,6,6,6,14,14,14,14,14,14,14,14,14,14,
@NAME=Series 36
5,5,5,4,4,5,5,5,5,5,6,6,7,5,5,7,6,6,6,6,14,14,14,14,14,14,14,14,14,14,
@NAME=Series 37
6,5,5,5,5,6,6,6,6,6,2,2,2,1,2,2,2,2,2,2,13,14,13,13,14,14,13,14,14,14,
@NAME=Series 38
5,5,4,4,4,5,5,5,5,5,11,10,12,7,12,11,11,11,11,11,14,14,14,14,13,14,14,14,14,14,
@NAME=Series 39
5,5,5,4,4,5,5,5,5,5,6,6,7,5,4,8,6,6,6,6,14,14,14,14,14,14,14,14,14,14,
@NAME=Series 40
5,5,6,6,6,6,6,6,6,6,6,6,4,3,5,5,5,5,5,5,14,14,14,14,14,14,14,14,14,14,
@NAME=Series 41
5,5,5,5,6,6,6,6,6,6,5,6,4,3,5,6,5,5,5,5,14,14,14,14,14,14,14,14,14,14,
@NAME=Series 42
5,5,5,5,5,6,7,7,7,7,2,2,1,1,2,2,1,1,1,1,13,14,13,13,13,13,13,13,13,13,
@NAME=Series 43
5,5,5,6,6,6,6,6,6,6,10,10,8,7,8,9,8,8,8,8,14,14,14,14,14,14,14,14,14,14,
@NAME=Series 44
5,5,5,5,5,5,6,6,6,6,4,4,4,5,4,3,5,5,4,4,14,14,14,14,14,14,14,14,14,14,
@NAME=Series 45
5,5,6,6,6,6,6,6,6,6,5,4,3,5,5,5,5,4,5,4,14,14,14,14,14,14,14,14,14,14,
@NAME=Series 46
5,5,4,5,5,6,6,6,6,6,4,5,4,3,5,5,4,4,4,4,14,14,14,14,14,14,14,14,14,14,
@NAME=Series 47
5,5,5,6,6,6,6,6,6,6,1,2,1,1,1,1,1,1,1,1,13,13,13,12,12,13,13,13,12,13,
@NAME=Series 48
5,5,5,6,6,6,6,6,6,6,11,11,11,8,9,11,10,10,10,10,14,14,14,14,14,14,14,14,14,14,
@NAME=Series 49
5,5,5,5,5,5,6,6,6,6,4,4,4,5,3,4,6,5,5,5,14,14,14,14,14,14,14,14,14,14,
@NAME=Series 50
4,8,14,13,5,4,4,4,4,4,4,4,6,5,5,4,4,4,4,4,14,14,6,12,14,14,14,14,14,14,
@NAME=Series 51
5,5,6,14,14,7,4,4,4,4,4,4,4,6,6,5,4,4,4,4,14,14,14,6,10,14,14,14,14,14,
@NAME=Series 52
5,5,12,14,12,6,5,5,5,5,2,2,4,6,4,2,2,2,2,2,14,14,12,5,11,14,14,14,14,14,
@NAME=Series 53
5,5,12,14,9,4,4,4,4,4,9,10,8,6,10,11,11,10,10,10,14,14,12,7,13,14,14,14,14,14,
@NAME=Series 54
4,4,4,4,5,13,13,7,5,5,5,5,5,5,5,6,6,5,5,5,14,14,14,14,15,10,10,14,14,14,
@NAME=Series 55
4,4,13,11,4,4,4,4,4,4,5,5,6,6,5,5,5,5,5,5,14,15,8,12,15,14,14,14,14,14,
@NAME=Series 56
4,7,14,9,5,5,5,5,5,5,5,4,6,5,5,5,5,5,5,5,14,14,6,14,14,14,14,14,14,14,
@NAME=Series 57
5,5,11,13,5,5,5,5,5,5,2,2,3,6,3,3,3,3,3,3,14,14,11,8,15,14,14,14,14,14,
@NAME=Series 58
5,5,9,14,7,5,5,5,5,5,11,11,10,7,12,11,11,11,11,11,14,14,13,8,14,14,14,14,14,14,
@NAME=Series 59
5,5,5,5,13,13,6,5,5,5,6,6,6,6,6,5,5,5,5,5,14,14,14,15,9,8,15,14,14,14,
@NAME=Series 60
8,13,14,13,8,6,6,6,6,6,7,6,5,6,6,6,6,6,7,7,14,12,5,9,14,14,14,14,14,14,
@NAME=Series 61
5,5,5,12,14,11,5,5,5,5,9,9,9,6,5,5,6,6,6,7,14,14,14,13,5,12,15,14,14,14,
@NAME=Series 62
5,6,8,13,14,13,7,6,6,6,1,1,1,3,7,3,1,1,1,1,13,13,13,10,6,8,9,9,9,10,
@NAME=Series 63
5,5,5,10,14,13,5,5,5,5,13,13,13,11,5,5,9,11,11,11,13,13,13,13,6,10,14,14,14,14,
@NAME=Series 64
6,6,6,6,9,14,14,8,5,6,6,6,6,6,6,6,6,6,6,6,14,14,14,14,14,8,7,14,14,14,
@NAME=Series 65
5,6,14,4,5,5,5,5,5,5,9,8,7,8,8,8,8,8,9,8,14,14,4,15,14,14,14,14,14,14,
@NAME=Series 66
6,6,11,8,5,5,5,5,5,5,5,6,4,5,4,4,4,4,5,5,14,14,7,12,14,14,14,14,14,14,
@NAME=Series 67
5,5,5,13,3,5,5,5,5,5,1,1,1,6,1,1,1,1,1,1,12,12,12,3,13,11,11,11,11,11,
@NAME=Series 68
4,4,9,10,4,4,5,5,5,4,14,14,9,8,14,14,14,14,14,14,10,11,10,10,10,9,10,10,10,10,
@NAME=Series 69
5,4,4,4,10,10,3,4,4,4,10,9,10,10,6,5,9,9,10,10,14,14,14,14,11,10,14,14,14,14,
@NAME=Series 70
7,13,14,11,7,6,6,6,6,6,3,3,5,3,2,3,2,3,3,3,14,10,6,13,14,14,14,14,14,14,
@NAME=Series 71
5,5,11,14,12,7,6,6,6,6,4,4,3,4,3,2,2,2,2,2,14,14,12,5,11,14,14,14,14,14,
@NAME=Series 72
7,7,12,14,10,7,7,7,7,7,1,1,2,5,1,1,1,1,1,1,10,10,6,4,9,10,10,10,10,10,
@NAME=Series 73
6,8,14,14,11,7,6,6,6,6,11,10,7,7,10,9,9,9,9,10,14,14,7,8,13,14,14,14,14,14,
@NAME=Series 74
6,6,6,8,14,14,11,6,6,6,6,6,6,5,5,5,3,3,3,4,14,14,14,14,8,6,13,14,14,14,
@NAME=Series 75
4,13,8,5,5,5,5,5,5,5,4,5,5,4,4,4,4,4,4,4,15,4,13,14,14,14,14,14,14,14,
@NAME=Series 76
4,4,6,13,4,4,4,4,4,4,5,5,3,5,3,4,4,4,4,5,14,14,13,5,14,14,14,14,14,14,
@NAME=Series 77
5,5,14,6,5,5,5,5,5,5,3,3,4,3,3,3,3,3,3,3,14,14,5,14,14,14,14,14,14,14,
@NAME=Series 78
5,5,8,13,5,5,5,5,5,5,11,11,10,7,12,11,11,11,11,11,14,14,13,8,14,14,14,14,14,14,
@NAME=Series 79
5,5,5,11,8,5,5,5,5,5,5,5,6,5,6,5,5,5,5,5,14,14,14,10,13,14,14,14,14,14,
@NAME=Series 80
4,10,14,12,4,4,5,5,5,5,7,6,6,6,5,5,5,5,5,5,15,13,10,13,15,14,14,14,14,14,
@NAME=Series 81
4,4,10,14,6,4,4,4,4,4,5,5,5,6,8,7,6,6,6,6,14,15,13,10,14,14,14,14,14,14,
@NAME=Series 82
5,5,11,14,5,4,4,5,5,5,2,2,3,5,3,3,3,3,3,3,14,14,12,10,14,14,14,14,14,14,
@NAME=Series 83
4,4,8,14,9,4,4,4,4,4,10,10,8,5,7,8,8,7,7,7,14,14,14,10,14,14,14,14,14,14,
@NAME=Series 84
5,5,5,7,14,13,5,4,5,5,6,6,6,5,5,5,5,4,4,5,14,14,14,15,10,11,15,14,14,14,
@NAME=Series 85
5,12,11,4,4,5,5,5,5,5,7,6,5,5,5,5,5,5,5,5,15,11,12,15,14,14,14,14,14,14,
@NAME=Series 86
4,4,10,12,4,4,4,4,4,4,5,6,5,5,6,5,5,5,5,5,14,15,13,12,15,14,14,14,14,14,
@NAME=Series 87
5,5,13,9,5,5,5,5,5,5,2,2,4,4,3,3,3,3,3,3,14,14,9,13,14,14,14,14,14,14,
@NAME=Series 88
5,5,6,14,5,4,4,4,4,4,10,10,10,7,6,7,7,7,7,7,14,14,14,8,15,14,14,14,14,14,
@NAME=Series 89
5,5,5,5,12,7,4,4,5,5,5,5,5,5,6,5,5,5,5,5,14,14,14,15,10,14,14,14,14,14,
@NAME=Series 90
5,12,14,12,6,5,5,5,5,5,4,4,5,4,5,5,5,5,5,5,15,13,7,13,15,14,14,14,14,14,
@NAME=Series 91
5,5,11,14,13,7,5,5,5,5,4,5,4,4,4,4,5,4,4,5,14,15,13,8,11,14,14,14,14,14,
@NAME=Series 92
5,5,10,14,13,9,6,6,6,6,1,1,2,4,3,1,1,1,1,1,13,13,12,7,8,10,11,11,11,11,
@NAME=Series 93
5,6,11,14,13,9,6,6,6,6,11,11,10,7,8,11,11,11,11,11,14,14,13,9,11,13,14,14,14,14,
@NAME=Series 94
5,5,5,5,11,14,13,8,5,5,5,5,5,5,5,5,5,5,5,5,14,14,14,15,13,8,11,14,14,14,
@NAME=Series 95
5,12,14,8,5,5,5,5,5,5,5,5,6,5,5,5,5,5,5,5,15,12,7,14,14,14,14,14,14,14,
@NAME=Series 96
6,6,9,14,11,5,5,5,5,5,5,5,4,5,4,4,4,4,4,4,14,14,14,8,12,15,14,14,14,14,
@NAME=Series 97
5,5,7,14,12,6,6,6,6,6,1,1,1,4,2,1,1,1,1,1,13,13,13,7,8,10,10,10,10,10,
@NAME=Series 98
5,8,14,14,8,6,6,6,6,6,11,11,7,7,11,11,10,10,10,10,14,14,9,10,14,14,14,14,14,14,
@NAME=Series 99
6,6,6,5,11,14,9,5,5,5,5,5,5,5,4,5,4,6,5,5,14,14,14,15,12,7,14,14,14,14,
@NAME=Series 100
5,11,14,8,8,8,8,8,8,8,5,4,7,1,1,1,1,1,1,1,15,12,8,5,7,7,7,7,7,7,
@NAME=Series 101
5,5,13,13,8,8,8,8,8,8,6,6,6,4,1,1,1,1,1,1,14,15,9,8,7,7,7,7,7,7,
@NAME=Series 102
5,6,13,10,7,7,7,7,7,7,2,2,5,1,1,1,1,1,1,1,13,14,9,6,6,6,5,5,5,5,
@NAME=Series 103
5,6,13,13,4,5,5,5,5,5,10,11,9,7,4,4,4,4,5,5,14,14,11,10,15,14,14,14,14,14,
@NAME=Series 104
5,5,5,5,9,14,10,7,7,7,5,5,5,5,5,8,1,1,1,1,14,14,14,14,14,8,7,6,6,6,
@NAME=Series 105
5,10,11,7,7,7,7,7,7,7,6,5,4,1,1,1,1,1,1,1,14,12,7,7,7,7,7,7,6,6,
@NAME=Series 106
5,6,14,5,7,7,7,7,7,7,5,5,8,1,1,1,1,1,1,1,14,14,6,6,6,6,6,6,6,6,
@NAME=Series 107
6,6,6,12,10,7,7,7,7,7,2,2,1,5,1,1,1,1,1,1,13,13,14,9,7,6,6,6,6,5,
@NAME=Series 108
5,5,10,10,6,6,6,6,6,6,11,12,10,7,3,3,3,3,3,3,14,14,11,7,14,14,14,14,14,14,
@NAME=Series 109
5,5,5,5,5,14,7,8,8,8,5,5,5,5,4,9,1,1,1,1,14,14,14,14,15,6,7,6,6,6,
@NAME=Series 110
5,6,14,9,6,6,6,6,6,6,8,7,7,1,1,1,1,1,1,1,14,15,8,8,8,8,8,8,8,8,
@NAME=Series 111
6,5,12,11,5,5,5,5,5,5,7,8,6,3,1,1,1,1,1,1,14,15,10,7,8,8,8,8,8,8,
@NAME=Series 112
6,6,12,13,5,6,6,5,5,5,2,2,3,4,1,1,1,1,1,1,14,14,11,6,3,4,5,5,5,5,
@NAME=Series 113
5,5,4,10,12,5,5,5,5,5,12,12,13,11,5,7,6,6,7,6,13,13,13,10,9,15,14,14,14,14,
@NAME=Series 114
4,4,12,9,5,6,6,6,5,5,6,6,6,2,1,1,1,1,1,1,14,15,10,8,7,7,7,7,7,7,
@NAME=Series 115
5,4,11,6,6,6,6,6,6,6,5,6,7,1,1,1,1,1,1,1,14,15,4,10,9,9,9,9,9,9,
@NAME=Series 116
5,5,8,6,6,6,5,5,6,6,5,5,6,2,1,1,1,1,1,1,14,14,11,8,7,8,8,8,8,8,
@NAME=Series 117
5,5,5,13,3,6,6,6,6,6,2,2,2,9,1,1,1,1,1,1,14,14,14,6,8,8,9,9,9,9,
@NAME=Series 118
5,5,5,8,9,5,5,5,5,5,13,13,13,11,7,7,8,8,8,8,11,11,11,9,10,14,14,14,14,14,
@NAME=Series 119
6,5,5,4,10,5,5,6,6,6,4,5,5,5,6,1,1,1,1,1,14,14,14,15,5,8,8,8,8,9,
@NAME=Series 120
5,6,13,14,10,7,7,7,7,7,5,4,3,4,1,1,1,1,1,1,14,14,11,6,5,4,4,4,4,4,
@NAME=Series 121
4,4,13,14,7,7,7,7,7,7,4,4,3,4,1,1,1,1,1,1,14,14,8,6,5,5,4,4,4,4,
@NAME=Series 122
4,5,9,14,7,6,6,6,6,6,3,3,2,5,1,1,1,1,1,1,14,14,13,7,4,5,5,5,5,5,
@NAME=Series 123
4,4,8,14,7,7,7,7,7,7,11,11,10,6,1,1,1,1,1,1,14,14,14,8,8,6,6,6,6,6,
@NAME=Series 124
4,4,4,12,11,7,7,7,7,7,5,5,6,3,2,1,1,1,1,1,14,14,15,10,5,5,4,4,4,4,
@NAME=Series 125
6,12,7,7,7,7,7,7,7,6,3,7,1,1,1,1,1,1,1,1,15,4,4,5,5,5,5,5,5,5,
@NAME=Series 126
5,5,9,7,6,6,6,6,6,6,6,6,5,2,1,1,1,1,1,1,14,14,10,3,5,5,5,5,5,5,
@NAME=Series 127
5,5,5,12,5,7,7,7,6,6,2,2,2,5,1,1,1,1,1,1,13,13,14,8,4,4,4,4,4,4,
@NAME=Series 128
5,5,4,12,4,6,6,6,6,6,10,10,12,9,1,1,1,1,1,1,14,14,15,7,7,7,7,7,7,7,
@NAME=Series 129
5,4,4,6,7,6,6,6,6,6,5,4,4,3,2,1,1,1,1,1,14,14,14,13,6,5,5,5,5,5,
@NAME=Series 130
6,14,8,4,5,4,4,4,4,4,7,6,2,2,2,2,2,2,2,2,14,10,12,14,14,14,14,14,14,14,
@NAME=Series 131
4,4,6,14,10,6,6,6,6,6,7,7,7,6,1,1,1,1,1,1,14,14,14,10,10,12,11,12,12,12,
@NAME=Series 132
6,6,13,12,7,7,7,7,7,7,3,2,4,2,1,1,1,1,3,1,14,14,11,9,9,9,9,9,14,10,
@NAME=Series 133
5,5,9,14,7,7,7,7,7,7,12,11,9,8,1,1,1,1,1,1,13,14,13,10,12,12,13,13,13,13,
@NAME=Series 134
5,5,5,5,11,13,6,7,7,7,7,7,7,8,5,5,1,1,1,1,14,14,14,15,13,10,9,10,10,10,
@NAME=Series 135
5,14,6,6,6,6,6,6,6,6,7,7,1,1,1,1,1,1,1,1,15,9,12,11,11,11,11,11,11,11,
@NAME=Series 136
5,5,9,11,6,6,6,6,6,6,7,7,5,4,1,1,1,1,1,1,14,14,13,10,12,11,11,11,11,11,
@NAME=Series 137
6,6,13,5,7,7,7,7,7,7,2,2,6,1,1,1,1,1,1,1,14,14,8,8,10,10,10,10,10,10,
@NAME=Series 138
5,4,11,10,6,6,6,6,6,6,12,13,9,4,2,2,2,2,2,2,13,14,11,11,14,13,13,13,13,13,
@NAME=Series 139
5,5,5,4,12,7,7,7,7,6,6,6,6,6,6,2,1,1,1,1,14,14,14,15,10,10,10,10,10,10,
@NAME=Series 140
5,12,14,11,7,7,7,7,7,7,5,5,6,1,1,1,1,1,1,1,15,13,8,5,6,6,6,6,6,6,
@NAME=Series 141
5,5,9,14,13,6,6,6,6,6,6,6,5,5,4,1,1,1,1,1,14,14,14,9,7,4,5,5,5,5,
@NAME=Series 142
5,5,11,14,11,6,6,6,6,6,1,1,2,4,2,1,1,1,1,1,12,13,11,8,5,3,3,3,3,3,
@NAME=Series 143
5,6,12,14,12,6,6,6,6,6,12,12,11,8,5,5,5,5,5,5,13,14,11,7,12,14,14,14,14,14,
@NAME=Series 144
5,5,5,10,14,13,7,6,6,6,5,5,5,5,5,3,1,1,1,1,14,14,15,14,9,7,5,5,5,5,
@NAME=Series 145
5,13,11,6,6,6,6,6,6,6,6,5,2,1,1,1,1,1,1,1,15,11,7,6,6,5,6,5,5,5,
@NAME=Series 146
5,5,5,10,14,7,6,6,6,6,5,5,5,4,6,1,1,1,1,1,14,14,15,13,8,4,5,5,5,5,
@NAME=Series 147
5,5,8,14,8,6,6,6,6,6,2,2,2,5,1,1,1,1,1,1,13,13,13,9,3,3,3,3,3,3,
@NAME=Series 148
5,5,5,12,14,5,5,5,5,5,12,12,12,10,7,3,3,3,3,3,13,13,14,10,8,14,14,14,14,14,
@NAME=Series 149
5,5,5,5,11,11,6,6,6,6,6,6,6,6,6,3,1,1,1,1,14,14,14,15,12,6,5,5,5,5,
@NAME=Series 150
5,3,4,5,4,3,5,6,6,6,5,5,4,6,6,2,6,5,5,5,14,14,14,14,14,14,14,14,14,14,
@NAME=Series 151
5,5,3,4,5,5,4,4,5,6,4,6,4,5,5,5,4,4,5,4,14,14,14,14,14,14,14,14,14,14,
@NAME=Series 152
6,6,3,4,6,6,4,5,6,6,2,2,2,2,2,2,2,1,2,2,13,14,14,14,14,14,14,13,14,14,
@NAME=Series 153
5,4,3,5,5,4,3,5,5,6,9,10,7,8,9,9,3,8,7,7,14,14,14,14,14,14,14,14,14,14,
@NAME=Series 154
5,5,4,2,4,5,5,4,5,6,5,4,6,3,5,6,4,4,5,5,14,14,14,14,14,14,14,14,14,14,
@NAME=Series 155
6,5,3,4,4,5,6,6,6,6,4,6,2,8,2,6,4,4,4,4,14,14,14,14,14,14,14,14,14,14,
@NAME=Series 156
6,6,2,3,4,4,6,6,6,6,4,4,5,4,6,2,5,4,4,4,14,14,14,14,14,14,14,14,14,14,
@NAME=Series 157
6,6,4,3,4,2,4,6,6,6,2,2,2,2,4,3,3,2,2,2,13,13,14,13,14,14,14,14,14,14,
@NAME=Series 158
5,5,3,3,5,3,5,5,5,5,10,10,11,9,12,6,11,10,9,9,14,14,14,14,13,15,14,14,14,14,
@NAME=Series 159
5,5,5,5,3,4,3,4,5,6,5,5,5,7,2,7,3,6,6,5,14,14,14,14,14,14,14,14,14,14,
@NAME=Series 160
5,2,3,4,3,3,3,4,5,5,6,8,2,7,8,2,7,5,6,6,14,14,14,14,14,14,14,14,14,14,
@NAME=Series 161
6,6,3,3,4,3,3,4,5,6,7,7,7,2,7,8,2,7,5,5,14,14,14,14,14,14,14,14,14,14,
@NAME=Series 162
6,3,3,3,4,2,2,5,5,5,2,3,1,2,3,1,2,3,2,2,14,14,12,14,14,13,13,14,14,14,
@NAME=Series 163
5,4,3,3,4,3,3,4,5,5,13,14,12,13,14,13,11,14,13,13,12,11,13,13,11,11,14,11,12,12,
@NAME=Series 164
5,5,3,4,3,4,3,3,3,4,7,7,10,6,7,9,6,5,8,7,14,14,14,14,14,14,14,14,14,14,
@NAME=Series 165
5,1,2,3,2,4,6,6,6,6,5,6,3,10,3,6,4,4,4,4,14,14,14,14,14,14,14,14,14,14,
@NAME=Series 166
6,5,3,3,3,4,5,5,5,5,5,7,2,6,3,4,5,5,5,5,14,14,14,14,14,14,14,14,14,14,
@NAME=Series 167
6,6,2,3,2,4,6,6,6,6,1,1,1,1,1,1,1,1,1,1,13,13,13,9,11,8,12,11,11,11,
@NAME=Series 168
5,5,5,2,2,3,2,5,5,5,13,13,13,11,13,12,10,13,12,12,12,12,12,13,12,13,14,13,13,13,
@NAME=Series 169
4,4,2,3,3,2,3,5,5,5,6,6,6,3,10,2,7,5,5,5,14,14,14,14,14,14,14,14,14,14,
@NAME=Series 170
5,3,4,6,4,4,5,6,6,6,3,5,2,5,5,1,5,4,4,4,14,14,14,14,14,14,14,14,14,14,
@NAME=Series 171
5,5,3,4,5,3,3,5,6,6,4,4,5,2,5,6,1,5,4,4,14,14,14,14,14,14,13,14,14,14,
@NAME=Series 172
5,5,3,5,5,3,4,5,6,6,2,2,2,1,3,2,1,2,2,2,13,14,14,13,14,14,12,14,14,14,
@NAME=Series 173
5,5,4,4,4,5,3,5,6,6,9,9,10,3,7,9,2,6,6,6,14,14,14,14,14,14,14,14,14,14,
@NAME=Series 174
6,6,6,5,3,5,5,2,5,6,4,4,4,5,2,3,6,1,4,4,14,14,14,14,13,14,15,14,14,14,
@NAME=Series 175
4,2,2,1,5,5,5,5,5,5,7,1,9,1,6,4,5,4,4,4,14,13,15,13,14,14,14,14,14,14,
@NAME=Series 176
5,5,3,2,1,4,5,5,6,6,5,5,8,1,10,3,4,5,5,5,14,14,14,13,15,13,14,14,14,14,
@NAME=Series 177
5,6,2,2,3,3,6,6,6,6,2,2,1,2,3,2,3,3,3,3,13,13,13,14,13,14,14,14,14,14,
@NAME=Series 178
5,5,2,3,1,4,6,5,5,6,10,10,4,9,7,11,8,8,9,9,14,14,14,14,14,14,14,14,14,14,
@NAME=Series 179
5,5,5,1,3,1,4,6,6,6,5,5,5,5,5,5,7,6,6,6,14,14,14,14,15,14,14,14,14,14,
@NAME=Series 180
5,5,4,4,5,4,4,5,6,5,7,8,4,6,8,4,5,7,6,6,14,14,14,14,14,14,14,14,14,14,
@NAME=Series 181
5,5,4,5,5,5,4,4,6,6,6,6,8,4,7,6,6,5,6,6,14,14,14,14,14,14,14,14,14,14,
@NAME=Series 182
5,4,4,4,5,5,5,5,6,6,2,2,1,2,3,2,2,2,2,2,14,14,13,14,14,14,13,14,14,14,
@NAME=Series 183
5,5,4,5,5,5,4,5,5,5,11,13,8,10,11,10,7,10,10,10,14,13,14,14,14,14,14,14,14,14,
@NAME=Series 184
5,5,5,4,5,5,3,5,6,5,7,7,9,4,7,7,2,7,6,6,14,14,14,14,14,14,14,14,14,14,
@NAME=Series 185
5,3,4,3,4,6,6,6,6,6,7,4,9,3,9,6,6,6,6,6,14,14,15,14,14,14,14,14,14,14,
@NAME=Series 186
5,5,4,4,4,4,5,6,5,5,7,8,6,9,3,7,5,5,5,5,14,14,14,15,14,14,14,14,14,14,
@NAME=Series 187
5,5,3,4,4,4,6,6,6,6,3,3,2,6,2,5,4,4,4,4,14,14,13,15,14,14,14,14,14,14,
@NAME=Series 188
5,5,3,4,3,4,5,5,5,5,11,11,11,8,11,7,11,11,11,11,14,14,13,14,14,14,14,14,14,14,
@NAME=Series 189
5,5,5,3,4,3,3,5,5,5,7,7,7,8,5,3,8,7,7,7,14,14,14,14,14,14,14,14,14,14,
@NAME=Series 190
5,4,5,6,6,3,5,6,6,6,7,5,3,6,6,2,5,6,5,5,14,14,14,14,14,14,14,14,14,14,
@NAME=Series 191
5,5,4,4,6,6,4,5,6,6,6,7,6,3,6,7,5,3,6,6,14,14,14,14,14,14,14,14,14,14,
@NAME=Series 192
5,5,4,4,5,6,4,5,5,6,2,2,2,1,1,2,1,1,1,1,13,14,14,12,13,13,13,10,12,12,
@NAME=Series 193
5,5,5,4,5,5,5,4,5,6,12,12,12,9,12,12,12,9,11,12,13,13,13,14,13,14,13,14,14,13,
@NAME=Series 194
5,5,5,4,5,5,5,4,4,5,6,6,7,4,4,6,8,4,5,6,14,14,14,14,14,14,14,14,14,14,
@NAME=Series 195
4,3,4,4,4,5,5,5,5,5,7,2,7,6,2,6,5,5,5,5,14,14,14,14,14,14,14,14,14,14,
@NAME=Series 196
5,5,5,3,4,5,3,5,6,6,5,5,6,3,4,7,3,6,5,5,14,14,14,14,14,14,14,14,14,14,
@NAME=Series 197
4,4,4,4,4,4,5,6,6,6,1,2,1,1,1,1,1,1,1,1,13,14,10,13,13,9,12,11,11,11,
@NAME=Series 198
5,5,4,5,5,4,4,6,6,6,11,12,6,11,12,6,11,11,11,11,14,13,14,14,13,14,14,14,14,14,
@NAME=Series 199
5,5,5,3,4,5,4,4,6,6,6,6,6,4,3,7,2,4,6,5,14,14,14,14,14,15,14,14,14,14,
@NAME=Series 200
5,10,13,6,6,13,5,5,5,5,5,5,6,4,4,6,5,4,4,4,15,12,10,14,14,6,15,14,14,14,
@NAME=Series 201
5,5,13,7,6,14,9,4,4,4,5,5,7,5,4,6,5,5,5,5,14,15,6,14,14,5,14,14,14,14,
@NAME=Series 202
5,5,13,9,5,13,11,5,5,5,2,1,7,3,3,6,4,2,2,2,13,14,6,14,14,7,13,14,14,14,
@NAME=Series 203
5,5,12,11,5,11,12,5,5,5,12,13,7,11,12,7,10,12,11,11,13,14,8,12,14,8,11,14,14,14,
@NAME=Series 204
5,5,5,12,9,4,12,12,4,5,6,6,6,6,5,4,5,6,5,5,14,14,15,7,14,15,7,12,15,14,
@NAME=Series 205
5,5,11,7,7,10,4,5,5,5,5,4,6,4,4,6,4,4,4,4,14,15,7,14,13,11,15,14,14,14,
@NAME=Series 206
5,5,6,13,4,12,5,4,5,5,5,5,4,5,5,6,4,4,4,4,14,14,14,7,15,7,14,14,14,14,
@NAME=Series 207
6,6,6,10,10,4,12,5,5,5,1,1,1,4,3,2,8,2,2,2,13,13,13,8,12,14,5,14,14,14,
@NAME=Series 208
5,13,3,13,4,5,4,4,4,4,12,6,13,7,12,12,11,12,12,11,14,6,14,6,14,13,13,13,13,13,
@NAME=Series 209
6,6,6,5,11,6,9,10,5,5,4,4,4,4,6,5,4,5,5,5,14,14,14,15,7,14,9,13,14,14,
@NAME=Series 210
6,13,14,6,7,14,10,4,5,5,9,4,4,7,6,5,5,7,7,7,15,6,6,14,14,4,11,14,14,14,
@NAME=Series 211
5,6,8,14,7,4,13,7,3,4,9,9,7,4,6,7,5,6,6,7,14,14,13,4,14,15,3,13,14,14,
@NAME=Series 212
5,5,11,12,3,9,13,4,4,5,1,1,3,4,1,5,3,1,1,1,11,12,7,6,10,7,7,10,9,9,
@NAME=Series 213
6,5,11,12,4,10,14,6,5,5,14,14,7,9,15,9,4,14,14,14,9,9,8,8,7,10,9,8,9,9,
@NAME=Series 214
5,5,8,14,6,8,14,9,5,5,6,6,6,5,6,4,6,6,5,5,14,14,14,3,14,14,4,13,14,14,
@NAME=Series 215
4,12,2,9,3,5,5,5,5,5,5,5,4,5,4,6,6,6,6,6,15,3,15,3,15,14,14,14,14,14,
@NAME=Series 216
6,6,6,6,10,3,11,6,5,5,5,5,5,6,5,6,6,5,5,5,14,14,14,15,3,15,4,15,14,14,
@NAME=Series 217
5,5,7,8,4,10,4,5,5,5,2,2,5,2,2,4,1,1,1,1,14,14,7,10,9,8,12,12,12,12,
@NAME=Series 218
5,5,5,11,6,9,4,5,5,5,11,11,12,3,14,5,14,14,14,14,14,14,14,6,11,9,10,10,11,11,
@NAME=Series 219
5,5,5,5,10,4,10,4,4,5,7,7,7,7,4,4,5,4,4,5,14,14,14,14,6,14,2,14,14,14,
@NAME=Series 220
6,12,12,7,13,10,6,6,6,6,2,4,2,1,9,1,1,1,1,1,14,5,9,14,3,11,13,13,13,13,
@NAME=Series 221
5,4,12,9,5,14,9,5,5,5,4,5,5,2,1,9,2,2,2,2,14,15,4,13,13,3,14,14,14,14,
@NAME=Series 222
5,8,14,8,9,11,6,6,6,6,1,1,7,1,3,2,1,1,1,1,12,10,4,12,7,8,12,12,12,12,
@NAME=Series 223
6,5,13,10,6,14,8,7,7,7,10,10,6,6,5,7,4,4,4,4,14,14,6,13,14,3,14,14,14,14,
@NAME=Series 224
6,6,7,14,11,6,14,9,6,6,4,4,3,7,2,1,7,3,3,3,14,14,14,3,13,12,4,14,14,14,
@NAME=Series 225
4,11,5,12,7,6,6,6,6,6,5,5,1,7,2,2,2,2,2,2,15,2,15,3,14,14,14,14,14,14,
@NAME=Series 226
6,5,12,5,13,6,6,7,7,7,5,3,5,1,12,3,2,2,2,2,14,15,3,15,1,14,14,14,14,14,
@NAME=Series 227
7,6,10,6,12,8,7,7,7,7,2,1,5,1,7,1,1,1,1,1,14,14,4,14,4,13,13,13,13,13,
@NAME=Series 228
6,5,10,6,12,7,7,7,7,7,11,10,3,12,3,9,9,9,9,9,14,15,6,15,5,15,14,14,14,14,
@NAME=Series 229
6,6,6,6,11,8,10,7,7,7,4,4,4,3,5,8,2,2,2,2,14,14,14,9,10,9,10,14,14,14,
@NAME=Series 230
5,9,10,4,13,9,5,5,5,5,6,5,5,4,5,5,8,7,7,7,14,13,11,15,8,13,14,14,14,14,
@NAME=Series 231
5,4,13,5,8,14,5,4,4,4,7,7,6,5,5,5,5,5,5,5,14,15,7,15,14,6,15,14,14,14,
@NAME=Series 232
5,5,14,8,7,14,6,5,5,5,2,2,7,2,2,6,2,3,3,3,14,15,7,14,14,7,14,14,14,14,
@NAME=Series 233
5,5,12,8,6,12,5,5,5,5,11,12,6,11,12,6,11,9,9,9,14,14,9,13,14,8,14,14,14,14,
@NAME=Series 234
5,5,5,10,12,5,12,10,4,5,6,6,6,6,5,4,6,3,5,6,14,14,14,12,11,15,9,13,15,14,
@NAME=Series 235
4,9,3,11,4,5,5,5,5,5,6,5,4,5,6,6,6,6,6,6,15,8,15,7,15,14,14,14,14,14,
@NAME=Series 236
5,4,12,3,12,4,5,5,5,5,6,7,7,4,6,6,6,6,6,6,14,15,6,15,5,15,14,14,14,14,
@NAME=Series 237
5,5,7,9,10,8,6,6,6,6,2,2,3,4,3,2,3,2,2,2,14,14,12,12,11,12,14,14,14,14,
@NAME=Series 238
5,5,5,12,4,12,5,5,5,5,11,11,12,5,12,4,10,9,9,9,14,14,14,9,15,7,14,14,14,14,
@NAME=Series 239
5,5,5,4,13,5,13,4,5,5,6,6,6,6,5,4,5,4,5,5,14,14,14,15,7,15,5,15,14,14,
@NAME=Series 240
6,13,13,6,10,14,9,5,5,5,5,5,4,4,4,6,4,5,5,5,14,9,9,15,13,6,14,14,14,14,
@NAME=Series 241
5,6,13,13,6,6,14,12,6,5,6,5,5,4,4,4,6,4,4,4,14,15,8,11,14,14,6,13,14,14,
@NAME=Series 242
5,5,12,14,8,6,13,13,7,6,2,2,2,3,1,1,4,3,1,1,14,14,11,8,12,12,8,8,10,10,
@NAME=Series 243
5,6,13,13,7,6,13,13,7,6,11,12,9,8,12,12,8,7,12,11,14,14,9,9,13,14,10,7,14,14,
@NAME=Series 244
5,5,7,13,12,6,7,13,12,6,5,5,4,5,4,5,4,6,4,4,14,14,14,8,12,14,14,8,12,15,
@NAME=Series 245
5,10,12,5,13,9,5,5,5,5,6,5,5,4,6,4,4,4,4,4,14,12,11,15,7,13,14,14,14,14,
@NAME=Series 246
5,5,12,12,5,13,8,5,5,5,5,5,6,5,4,7,4,5,4,5,14,15,10,11,15,6,14,14,14,14,
@NAME=Series 247
5,7,14,7,11,13,6,6,6,6,2,1,5,1,2,3,1,1,1,1,13,13,6,11,8,7,11,11,11,11,
@NAME=Series 248
5,10,13,6,11,12,5,5,5,5,10,9,6,11,7,7,11,11,11,11,14,13,8,14,10,10,14,14,14,14,
@NAME=Series 249
5,5,5,13,6,12,11,5,5,5,6,6,6,6,4,6,4,5,5,5,14,14,15,6,15,9,12,15,14,14,