@CONVERTED_FROM_TIME_SERIES
@ITEM=1=[-Infinity,-6.499169399805776]
@ITEM=2=[-6.499169399805776,-4.333838017250969]
@ITEM=3=[-4.333838017250969,-2.834762444713023]
@ITEM=4=[-2.834762444713023,-1.6132934596821058]
@ITEM=5=[-1.6132934596821058,-0.5583884271554038]
@ITEM=6=[-0.5583884271554038,0.44099528786989217]
@ITEM=7=[0.44099528786989217,1.384857685393783]
@ITEM=8=[1.384857685393783,2.273198765416269]
@ITEM=9=[2.273198765416269,3.2170611629401593]
@ITEM=10=[3.2170611629401593,4.216444877965456]
@ITEM=11=[4.216444877965456,5.271349910492157]
@ITEM=12=[5.271349910492157,6.492818895523074]
@ITEM=13=[6.492818895523074,7.9918944680610196]
@ITEM=14=[7.9918944680610196,10.157225850615827]
@ITEM=15=[10.157225850615827,Infinity]
@NAME=Series 0
5,5,5,4,5,5,6,6,6,6,4,4,4,5,3,5,5,5,5,7,14,14,14,14,14,14,14,14,14,13,
@NAME=Series 1
5,5,5,6,6,6,6,6,6,7,11,11,10,8,10,10,10,10,10,11,14,14,14,14,14,14,14,14,14,12,
@NAME=Series 2
5,5,5,6,6,6,6,6,6,5,1,1,1,1,1,1,1,1,1,3,13,13,12,12,13,13,13,13,13,11,
@NAME=Series 3
5,5,4,5,5,6,6,6,6,6,4,5,4,3,5,5,4,4,4,7,14,14,14,14,14,14,14,14,14,13,
@NAME=Series 4
5,5,5,6,6,6,6,6,6,6,5,4,3,5,5,5,5,4,4,7,14,14,14,14,14,14,14,14,14,13,
@NAME=Series 5
5,5,5,5,5,5,6,6,6,6,4,4,4,4,3,4,5,5,4,6,14,14,14,14,14,14,14,14,14,13,
@NAME=Series 6
5,5,5,6,6,6,6,6,6,6,10,10,8,8,9,9,8,8,8,10,14,14,14,14,14,14,14,14,14,13,
@NAME=Series 7
5,5,5,5,5,6,7,7,7,6,2,2,1,1,2,2,1,1,1,3,13,14,13,13,13,13,13,13,13,11,
@NAME=Series 8
5,5,5,5,6,6,6,6,6,6,5,5,4,4,5,6,5,5,5,7,14,14,14,14,14,14,14,14,14,13,
@NAME=Series 9
5,5,6,6,6,6,6,6,6,6,6,6,4,3,5,5,5,5,5,8,14,14,14,14,14,14,14,14,14,13,
@NAME=Series 10
5,5,5,4,4,5,5,5,5,5,6,6,7,4,5,7,6,6,6,8,14,14,14,14,14,14,14,14,14,13,
@NAME=Series 11
5,5,4,4,4,5,5,5,5,5,11,10,11,7,12,11,11,11,11,12,14,14,14,14,13,14,14,14,14,12,
@NAME=Series 12
6,5,5,5,5,6,6,6,6,5,2,2,1,1,2,2,2,2,2,4,14,14,12,13,14,14,14,14,14,12,
@NAME=Series 13
5,5,4,4,4,5,5,5,5,5,6,6,7,4,6,7,6,6,6,8,14,14,14,14,14,14,14,14,14,13,
@NAME=Series 14
5,4,4,5,5,5,5,5,5,5,7,5,5,7,6,6,6,6,6,8,14,14,14,14,14,14,14,14,14,13,
@NAME=Series 15
5,5,5,4,4,4,5,5,5,5,7,7,7,7,5,5,7,5,5,8,14,14,14,14,14,14,14,14,14,13,
@NAME=Series 16
5,4,4,4,5,5,5,5,5,6,12,11,8,10,11,10,10,10,10,11,13,14,14,14,14,14,14,14,14,12,
@NAME=Series 17
5,5,5,5,5,5,5,5,5,5,1,2,1,1,1,1,1,1,1,3,13,13,12,12,13,13,13,13,13,11,
@NAME=Series 18
4,4,4,4,4,5,5,5,5,5,6,6,8,4,5,7,6,6,6,8,14,14,14,14,14,14,14,14,14,13,
@NAME=Series 19
4,4,4,5,5,5,5,5,5,5,7,5,4,6,5,5,5,5,5,8,14,14,14,14,14,14,14,14,14,13,
@NAME=Series 20
5,5,5,4,4,4,6,5,5,5,5,5,5,7,2,6,5,5,5,7,14,14,14,14,14,14,14,14,14,13,
@NAME=Series 21
5,5,5,4,4,5,5,5,5,6,9,9,10,6,8,8,8,8,7,9,14,14,14,14,14,14,14,14,14,13,
@NAME=Series 22
6,6,4,5,6,6,6,6,6,5,2,2,2,3,3,3,3,3,3,5,14,14,13,14,14,14,14,14,14,12,
@NAME=Series 23
5,5,4,5,5,5,5,5,5,5,6,6,6,4,6,5,5,5,5,8,14,14,14,14,14,14,14,14,14,13,
@NAME=Series 24
5,4,5,5,5,5,5,5,5,5,6,7,4,7,6,6,6,6,6,8,14,14,14,14,14,14,14,14,14,13,
@NAME=Series 25
5,5,5,4,5,5,5,5,5,5,7,7,8,6,5,7,7,7,7,9,14,14,14,14,14,14,14,14,14,13,
@NAME=Series 26
5,5,4,4,5,5,5,5,5,6,12,13,13,12,12,12,12,11,12,12,13,13,13,13,13,13,13,14,13,12,
@NAME=Series 27
5,4,4,5,5,5,5,5,5,5,1,2,2,1,2,2,2,2,2,3,13,13,13,13,14,13,13,13,13,12,
@NAME=Series 28
5,4,5,6,6,6,6,5,5,5,6,6,4,5,6,6,6,5,5,8,14,14,14,14,14,14,14,14,14,13,
@NAME=Series 29
5,4,6,5,5,5,5,5,5,6,7,5,4,7,6,6,6,6,6,8,14,14,14,14,14,14,14,14,14,13,
@NAME=Series 30
5,5,5,4,4,3,4,4,4,5,7,7,7,8,5,8,7,7,7,9,14,14,14,14,14,14,14,14,14,13,
@NAME=Series 31
5,5,5,3,3,4,5,5,5,6,13,13,13,14,13,14,14,14,14,13,12,12,11,11,12,10,11,11,11,10,
@NAME=Series 32
5,5,4,4,4,4,4,4,4,4,2,2,1,2,3,2,2,2,2,4,14,14,13,14,14,14,14,14,14,12,
@NAME=Series 33
6,6,6,5,4,4,5,5,5,5,6,6,7,6,4,8,6,7,7,9,14,14,14,14,14,14,14,14,14,13,
@NAME=Series 34
5,5,3,4,4,4,4,5,4,5,6,7,6,5,7,6,7,7,6,9,14,14,14,14,14,14,14,14,14,13,
@NAME=Series 35
5,6,5,4,4,4,5,5,5,5,6,7,7,5,5,7,6,7,7,9,14,14,14,14,14,14,14,14,14,13,
@NAME=Series 36
5,5,5,5,5,6,5,5,5,6,12,12,11,10,9,11,13,12,12,13,13,13,14,14,14,13,13,13,13,11,
@NAME=Series 37
5,5,4,4,5,5,4,5,5,5,2,2,2,2,1,2,2,2,2,4,14,14,14,13,13,14,14,14,14,12,
@NAME=Series 38
5,5,5,4,5,5,5,4,5,5,8,8,8,9,8,5,9,9,8,10,14,14,14,14,14,14,14,14,14,13,
@NAME=Series 39
6,5,5,5,5,5,5,5,5,5,8,7,4,6,8,7,7,7,7,9,14,14,14,14,14,14,14,14,14,13,
@NAME=Series 40
5,5,5,6,4,3,3,5,6,6,5,5,5,5,7,4,6,5,5,7,14,14,14,14,14,14,14,14,14,13,
@NAME=Series 41
5,5,4,4,4,5,5,5,5,6,11,11,10,8,11,11,10,10,10,11,14,14,14,14,14,14,14,14,14,12,
@NAME=Series 42
5,5,3,4,4,5,6,6,6,5,2,2,3,2,3,3,3,3,3,5,14,14,14,14,14,14,14,14,14,13,
@NAME=Series 43
5,3,3,4,5,5,5,5,5,5,6,5,5,6,5,5,5,5,5,7,14,14,14,14,14,14,14,14,14,13,
@NAME=Series 44
5,3,4,4,5,5,5,5,5,5,5,5,4,6,5,5,4,4,4,7,14,14,14,14,14,14,14,14,14,13,
@NAME=Series 45
6,6,6,6,4,4,4,5,6,6,5,5,5,6,7,5,6,6,5,8,14,14,14,14,14,14,14,14,14,13,
@NAME=Series 46
5,5,3,3,3,5,6,6,6,6,10,10,11,9,10,11,10,10,10,11,14,14,14,14,14,14,14,14,14,12,
@NAME=Series 47
5,4,3,3,5,6,6,6,6,5,3,4,3,4,4,3,3,3,3,6,14,14,14,14,14,14,14,14,14,13,
@NAME=Series 48
5,3,3,4,6,6,6,6,6,6,4,5,5,6,4,4,4,4,4,7,14,14,14,14,14,14,14,14,14,13,
@NAME=Series 49
6,3,3,4,6,6,6,6,6,5,5,5,4,6,4,4,4,4,4,7,14,14,14,14,14,14,14,14,14,13,
@NAME=Series 50
6,6,6,6,12,14,9,5,5,5,5,5,5,5,5,4,4,5,5,8,14,14,14,15,10,9,14,14,14,13,
@NAME=Series 51
5,8,14,13,8,6,6,6,6,6,11,11,7,8,11,11,10,10,10,11,14,13,8,11,14,14,14,14,14,13,
@NAME=Series 52
5,5,8,14,11,6,6,6,6,5,1,1,1,4,1,1,1,1,1,2,13,13,12,7,9,10,10,10,10,9,
@NAME=Series 53
6,6,9,14,11,5,5,5,5,5,5,5,4,5,4,4,4,4,4,7,14,15,13,7,14,14,14,14,14,13,
@NAME=Series 54
5,12,14,8,5,5,5,5,5,5,5,5,6,5,5,5,5,5,5,7,15,10,9,15,14,14,14,14,14,13,
@NAME=Series 55
5,5,5,5,11,14,13,8,5,5,5,5,5,5,5,5,5,5,5,7,14,14,14,15,12,7,13,14,14,13,
@NAME=Series 56
5,6,11,14,13,9,6,6,6,6,11,11,10,7,9,11,11,11,11,12,14,14,12,9,12,14,14,14,14,12,
@NAME=Series 57
5,5,11,14,13,9,6,6,6,5,1,1,2,4,2,1,1,1,1,2,13,13,11,7,8,11,11,11,11,10,
@NAME=Series 58
5,5,11,14,13,7,5,5,5,5,4,5,4,4,4,4,4,4,4,7,14,15,12,7,13,14,14,14,14,13,
@NAME=Series 59
5,12,14,12,6,5,5,5,5,5,4,5,5,4,5,5,5,5,5,7,15,11,8,14,14,14,14,14,14,13,
@NAME=Series 60
5,5,5,5,13,7,4,4,5,5,5,5,5,5,6,5,5,5,5,8,14,14,14,15,8,15,14,14,14,13,
@NAME=Series 61
5,5,6,13,5,4,4,4,4,5,10,10,10,6,7,7,7,7,7,9,14,14,14,9,15,14,14,14,14,13,
@NAME=Series 62
5,5,13,8,5,5,5,5,5,5,2,2,5,4,3,3,3,3,3,5,14,14,8,14,14,14,14,14,14,13,
@NAME=Series 63
4,4,10,11,4,4,4,4,4,4,5,6,5,5,6,5,5,5,5,8,14,15,11,13,14,14,14,14,14,13,
@NAME=Series 64
5,12,11,4,4,5,5,5,5,5,7,6,5,5,5,5,5,5,5,7,15,10,14,14,14,14,14,14,14,13,
@NAME=Series 65
5,5,5,7,14,12,5,4,5,5,6,6,6,5,5,5,4,4,4,7,14,14,15,14,9,13,15,14,14,13,
@NAME=Series 66
4,4,8,14,8,4,4,4,4,5,10,10,7,5,7,8,7,7,7,9,14,14,12,11,14,14,14,14,14,13,
@NAME=Series 67
5,5,12,13,5,4,4,5,4,4,2,2,4,5,3,3,3,3,3,5,14,14,11,11,14,14,14,14,14,13,
@NAME=Series 68
4,4,10,14,6,4,4,4,4,4,5,5,5,7,7,7,6,6,6,8,14,15,12,11,14,14,14,14,14,13,
@NAME=Series 69
4,10,14,11,4,4,5,5,5,5,7,6,6,6,5,5,5,5,5,7,15,12,10,14,15,14,14,14,14,13,
@NAME=Series 70
5,5,5,11,8,5,5,5,5,5,5,5,5,5,6,5,5,5,5,7,14,14,15,6,14,14,14,14,14,13,
@NAME=Series 71
5,5,8,13,5,5,5,5,5,5,11,11,9,8,11,11,11,11,11,12,14,14,11,11,14,14,14,14,14,12,
@NAME=Series 72
5,5,14,6,5,5,5,5,5,5,3,3,4,3,3,3,3,3,3,5,14,13,7,14,14,14,14,14,14,13,
@NAME=Series 73
4,4,6,13,4,4,4,4,4,4,5,5,4,5,3,4,4,4,4,7,14,14,11,9,14,14,14,14,14,13,
@NAME=Series 74
4,13,8,5,5,5,5,5,5,5,4,5,5,4,4,4,4,4,4,7,14,4,14,14,14,14,14,14,14,13,
@NAME=Series 75
6,6,6,8,14,14,10,6,6,6,6,6,6,5,5,4,3,3,3,6,14,14,14,14,6,9,14,14,14,13,
@NAME=Series 76
6,8,14,14,10,6,6,6,6,7,11,10,7,8,10,9,9,9,9,11,14,13,6,10,14,14,14,14,14,13,
@NAME=Series 77
6,7,13,14,10,7,7,7,7,6,1,1,2,4,1,1,1,1,1,2,10,10,5,5,10,10,10,10,10,9,
@NAME=Series 78
5,5,12,14,12,6,6,5,5,5,4,4,3,4,3,2,2,2,2,4,14,14,10,5,12,14,14,14,14,12,
@NAME=Series 79
7,13,14,11,7,6,6,6,6,6,3,3,4,2,2,2,2,3,3,5,14,8,7,14,14,14,14,14,14,13,
@NAME=Series 80
5,4,4,4,11,9,3,4,4,4,10,9,10,10,5,6,8,10,10,11,14,14,14,14,7,13,14,14,14,12,
@NAME=Series 81
4,4,9,9,4,4,4,5,5,5,14,14,7,11,14,14,14,14,14,13,10,11,9,10,10,9,10,10,10,10,
@NAME=Series 82
5,5,5,13,3,5,5,5,5,5,1,1,1,5,1,1,1,1,1,2,12,12,10,6,12,11,11,12,11,10,
@NAME=Series 83
6,6,11,7,5,5,5,5,5,5,5,5,4,5,4,4,4,4,5,7,14,15,4,14,14,14,14,14,14,13,
@NAME=Series 84
5,7,14,4,5,5,5,5,5,6,9,7,7,8,8,8,8,8,9,10,14,13,5,15,14,14,14,14,14,13,
@NAME=Series 85
6,6,6,6,9,14,14,7,5,6,6,6,6,6,6,6,6,6,6,9,14,14,14,14,13,6,10,15,14,13,
@NAME=Series 86
5,5,5,10,14,13,5,5,5,6,13,13,13,10,4,6,9,11,11,12,13,13,13,12,6,12,14,14,14,12,
@NAME=Series 87
5,6,9,13,14,13,6,6,6,5,1,1,1,3,7,2,1,1,1,2,13,13,12,9,6,9,9,9,9,9,
@NAME=Series 88
5,5,5,12,14,11,5,5,5,6,9,9,8,6,5,5,6,6,7,9,14,14,14,11,5,14,14,14,14,13,
@NAME=Series 89
8,13,14,13,7,6,6,6,6,6,6,6,5,6,6,6,6,6,6,9,14,10,5,11,14,14,14,14,14,13,
@NAME=Series 90
5,5,5,5,13,13,6,5,5,5,6,6,6,6,6,5,5,5,5,7,14,14,14,15,6,12,15,14,14,13,
@NAME=Series 91
5,5,10,14,7,5,5,5,5,5,11,11,9,7,12,11,11,11,11,12,14,14,11,10,14,14,14,14,14,12,
@NAME=Series 92
5,5,11,13,5,5,5,5,5,5,2,2,4,5,3,3,3,3,3,5,14,14,8,11,14,14,14,14,14,13,
@NAME=Series 93
4,7,14,8,5,5,5,5,5,5,5,5,6,5,5,5,5,5,5,7,15,12,7,14,14,14,14,14,14,13,
@NAME=Series 94
4,4,14,11,4,4,4,4,4,4,5,5,6,6,5,5,5,5,5,7,14,14,7,14,14,14,14,14,14,13,
@NAME=Series 95
4,4,4,4,5,13,13,6,5,5,5,5,5,5,5,6,5,5,5,7,14,14,14,14,14,7,13,15,14,13,
@NAME=Series 96
5,5,12,14,8,4,4,4,4,4,9,10,8,7,11,11,11,10,10,11,14,14,10,9,14,14,14,14,14,12,
@NAME=Series 97
5,5,12,14,12,5,5,5,5,5,2,2,4,6,4,2,2,2,2,4,14,14,10,6,13,14,14,14,14,12,
@NAME=Series 98
5,5,7,14,13,6,4,4,4,4,4,5,4,7,6,5,4,4,4,7,14,15,14,5,12,14,14,14,14,13,
@NAME=Series 99
4,8,14,12,5,4,4,4,4,4,4,4,6,5,5,4,4,4,4,7,14,13,6,13,15,14,14,14,14,13,
@NAME=Series 100
5,5,5,5,12,11,6,6,6,6,6,6,6,6,6,1,1,1,1,2,14,14,14,15,10,5,5,5,5,7,
@NAME=Series 101
5,5,5,12,13,5,5,5,5,6,12,12,12,9,6,3,3,3,3,5,13,13,14,9,10,14,14,14,14,13,
@NAME=Series 102
5,5,9,14,8,6,6,6,6,5,2,2,2,4,1,1,1,1,1,2,13,14,11,7,2,3,3,3,3,5,
@NAME=Series 103
5,5,5,10,14,7,6,6,6,6,5,5,5,5,5,1,1,1,1,2,14,14,15,12,7,4,5,5,5,6,
@NAME=Series 104
5,13,10,6,6,6,6,6,6,6,5,6,2,1,1,1,1,1,1,2,15,9,6,5,6,5,5,5,5,7,
@NAME=Series 105
5,5,5,10,14,13,7,6,6,6,5,5,5,5,5,2,1,1,1,2,14,14,15,13,8,6,5,5,5,6,
@NAME=Series 106
5,6,12,14,11,6,6,6,6,6,12,12,10,8,5,5,5,5,5,7,13,13,10,7,13,14,14,14,14,13,
@NAME=Series 107
5,5,11,14,11,6,6,6,6,6,1,1,2,4,1,1,1,1,1,2,12,13,10,7,3,3,3,3,3,5,
@NAME=Series 108
5,5,9,14,13,6,6,6,6,6,6,6,4,5,3,1,1,1,1,2,14,15,13,8,6,4,5,5,5,6,
@NAME=Series 109
5,12,14,10,7,7,7,7,7,7,5,5,6,1,1,1,1,1,1,2,15,11,8,5,6,6,6,6,6,7,
@NAME=Series 110
5,5,5,4,13,7,7,7,7,6,6,6,6,6,6,1,1,1,1,2,14,14,14,15,9,10,10,10,10,10,
@NAME=Series 111
5,4,11,9,6,6,6,6,6,7,12,13,9,3,2,2,2,2,2,3,13,14,10,13,13,13,13,13,13,12,
@NAME=Series 112
6,6,13,5,7,7,7,7,7,6,2,2,4,1,1,1,1,1,1,2,14,13,8,10,10,10,10,10,10,10,
@NAME=Series 113
5,5,9,11,6,6,6,6,6,6,7,7,5,2,1,1,1,1,1,2,14,15,12,11,11,11,11,11,11,11,
@NAME=Series 114
5,14,6,6,6,6,6,6,6,6,7,6,1,1,1,1,1,1,1,2,14,9,12,11,11,11,11,11,11,11,
@NAME=Series 115
5,5,5,5,11,13,6,7,7,7,7,7,7,7,5,3,1,1,1,2,14,14,14,15,11,9,10,10,10,10,
@NAME=Series 116
5,5,9,14,7,7,7,7,7,7,12,12,9,6,1,1,1,1,1,3,14,14,12,11,12,12,13,13,13,12,
@NAME=Series 117
6,6,13,11,7,7,7,7,7,7,2,2,5,2,1,1,1,1,3,2,14,14,10,9,9,9,9,11,14,10,
@NAME=Series 118
4,4,6,14,10,6,6,6,6,6,7,7,6,6,1,1,1,1,1,2,14,14,14,10,11,11,12,12,12,11,
@NAME=Series 119
7,14,8,4,5,4,4,4,4,5,6,6,2,2,2,2,2,2,2,5,14,9,13,14,14,14,14,14,14,13,
@NAME=Series 120
5,4,4,6,7,6,6,6,6,6,4,4,4,5,1,1,1,1,1,2,14,14,14,12,6,5,5,5,5,6,
@NAME=Series 121
5,5,4,11,4,6,6,6,6,7,10,10,11,5,1,1,1,1,1,2,14,14,14,5,7,7,7,7,7,8,
@NAME=Series 122
5,5,5,11,6,7,7,7,6,6,2,2,1,5,1,1,1,1,1,2,13,13,14,5,5,4,4,4,4,6,
@NAME=Series 123
5,5,9,6,6,6,6,6,6,6,6,6,5,1,1,1,1,1,1,2,14,15,7,3,5,5,5,5,5,6,
@NAME=Series 124
6,12,7,7,7,7,7,7,7,6,3,5,1,1,1,1,1,1,1,2,13,5,5,5,5,5,5,5,5,6,
@NAME=Series 125
4,4,4,12,11,7,7,7,7,7,5,5,5,3,1,1,1,1,1,2,14,14,14,8,4,4,4,4,4,5,
@NAME=Series 126
4,4,9,14,7,7,7,7,7,7,11,11,9,6,1,1,1,1,1,2,14,14,12,7,8,6,6,6,6,7,
@NAME=Series 127
4,5,9,14,6,6,6,6,6,6,3,3,2,5,1,1,1,1,1,2,14,14,12,6,3,5,5,5,5,6,
@NAME=Series 128
4,4,13,14,7,7,7,7,7,7,4,3,3,3,1,1,1,1,1,2,14,14,6,6,4,4,4,4,4,6,
@NAME=Series 129
5,6,13,14,10,7,7,7,7,7,5,4,3,3,1,1,1,1,1,2,14,14,8,6,5,4,4,4,4,6,
@NAME=Series 130
6,5,5,5,10,5,5,6,6,6,4,5,5,5,4,1,1,1,1,2,14,14,14,12,7,8,8,8,9,9,
@NAME=Series 131
5,5,5,9,9,5,5,5,5,6,13,13,14,10,6,7,7,8,8,8,11,11,12,7,12,14,14,14,14,13,
@NAME=Series 132
5,5,5,13,3,6,6,6,6,5,2,2,2,6,1,1,1,1,1,2,14,14,13,7,8,8,9,9,9,9,
@NAME=Series 133
5,5,9,6,6,5,5,5,5,5,5,5,6,1,1,1,1,1,1,2,14,15,6,8,7,8,8,8,8,8,
@NAME=Series 134
5,4,11,6,6,6,6,6,6,6,5,5,5,1,1,1,1,1,1,2,14,14,7,9,9,9,9,9,9,9,
@NAME=Series 135
4,4,12,9,5,6,6,6,5,5,6,6,7,1,1,1,1,1,1,2,14,15,7,9,7,7,7,7,7,8,
@NAME=Series 136
5,5,4,10,12,5,5,5,5,6,12,12,13,10,6,7,6,7,6,8,13,13,13,8,13,14,14,14,14,13,
@NAME=Series 137
6,6,12,13,5,6,5,5,5,5,2,2,3,3,1,1,1,1,1,2,14,14,9,5,4,4,4,5,5,6,
@NAME=Series 138
6,5,12,10,5,5,5,5,5,6,7,8,6,2,1,1,1,1,1,2,14,15,7,8,8,8,8,8,8,9,
@NAME=Series 139
5,6,14,9,6,6,6,6,6,6,8,7,7,1,1,1,1,1,1,2,14,14,7,8,8,8,8,8,8,8,
@NAME=Series 140
5,5,5,5,6,13,7,8,8,7,5,5,5,5,5,6,1,1,1,2,14,14,14,14,13,7,6,6,6,7,
@NAME=Series 141
5,5,10,10,6,6,6,6,6,7,11,12,10,6,3,3,3,3,3,5,14,14,8,11,14,14,14,14,14,13,
@NAME=Series 142
6,6,6,13,9,7,7,7,7,6,2,2,1,5,1,1,1,1,1,2,13,13,14,8,7,6,6,6,5,6,
@NAME=Series 143
5,6,13,5,7,7,7,7,7,7,5,5,5,1,1,1,1,1,1,2,14,13,6,6,6,6,6,6,6,7,
@NAME=Series 144
5,10,11,7,7,7,7,7,7,6,5,6,3,1,1,1,1,1,1,2,15,9,8,7,7,7,7,6,6,7,
@NAME=Series 145
5,5,5,5,9,14,9,7,7,7,5,5,5,5,5,7,1,1,1,2,14,14,14,15,12,8,6,6,6,7,
@NAME=Series 146
5,6,13,12,4,5,5,5,5,5,10,11,8,6,4,4,4,4,5,8,14,14,10,12,14,14,14,14,14,13,
@NAME=Series 147
5,6,13,10,7,7,7,7,7,6,2,2,5,1,1,1,1,1,1,2,13,13,8,5,6,6,5,5,5,6,
@NAME=Series 148
5,5,13,13,8,8,8,8,8,7,6,6,6,3,1,1,1,1,1,2,14,14,8,7,7,7,7,7,7,8,
@NAME=Series 149
5,11,14,8,8,8,8,8,8,7,5,5,6,1,1,1,1,1,1,2,15,10,8,5,7,7,7,7,7,7,
@NAME=Series 150
4,4,5,5,5,4,5,5,5,5,6,5,3,5,6,5,3,4,6,7,14,14,14,14,14,14,14,14,14,13,
@NAME=Series 151
5,5,3,4,3,4,4,4,4,4,5,5,6,3,8,5,7,6,6,8,14,14,14,14,14,14,14,14,14,13,
@NAME=Series 152
4,3,3,3,2,3,4,4,4,4,6,6,6,5,3,7,6,6,6,9,14,14,14,14,14,14,14,14,14,13,
@NAME=Series 153
5,3,4,3,4,3,4,4,4,4,5,5,6,9,6,7,6,5,5,8,14,14,14,14,14,14,14,14,14,13,
@NAME=Series 154
5,5,5,3,4,5,4,4,6,6,6,6,7,3,4,6,2,5,5,7,14,14,14,14,14,15,14,14,14,13,
@NAME=Series 155
5,5,4,5,5,4,4,6,6,6,11,12,6,12,12,6,11,11,11,11,14,13,14,13,13,14,14,14,14,13,
@NAME=Series 156
4,4,4,4,4,4,5,6,6,5,1,2,1,1,1,1,1,1,1,2,13,13,10,13,12,10,12,11,11,11,
@NAME=Series 157
5,5,5,3,4,5,3,5,6,6,5,5,6,2,5,7,2,6,5,8,14,14,14,14,14,14,14,14,14,13,
@NAME=Series 158
4,3,4,4,4,5,5,5,5,5,7,2,7,4,3,6,5,5,5,7,14,14,15,14,14,14,14,14,14,13,
@NAME=Series 159
5,5,5,4,5,5,5,4,4,5,6,6,7,3,5,7,7,4,5,9,14,14,14,14,14,14,14,14,14,13,
@NAME=Series 160
5,5,5,4,5,5,5,4,5,6,12,12,12,10,12,12,12,9,11,12,13,13,14,14,14,13,14,14,14,13,
@NAME=Series 161
5,5,4,4,5,6,4,4,5,5,2,2,1,1,1,1,1,1,1,2,13,14,13,13,13,13,11,11,13,12,
@NAME=Series 162
5,5,4,5,6,6,4,5,6,6,6,7,5,4,6,7,4,4,6,8,14,14,14,14,14,14,14,14,14,13,
@NAME=Series 163
5,4,5,6,5,4,5,6,6,6,7,4,3,6,6,2,5,6,5,8,14,14,14,14,14,14,14,14,14,13,
@NAME=Series 164
5,5,5,3,4,3,4,5,5,5,7,7,7,6,8,2,8,7,7,9,14,14,14,14,14,14,14,14,14,13,
@NAME=Series 165
5,5,3,4,4,4,5,5,5,6,11,11,9,10,8,10,11,11,11,12,14,14,14,14,14,13,14,14,14,13,
@NAME=Series 166
5,5,3,4,4,4,6,6,6,5,3,3,2,6,2,5,4,4,4,6,14,14,13,15,13,14,14,14,14,13,
@NAME=Series 167
5,5,4,4,4,4,5,5,5,5,7,8,6,9,3,7,5,5,5,8,14,14,14,15,14,14,14,14,14,13,
@NAME=Series 168
5,3,4,3,4,6,6,6,6,6,7,4,9,3,8,6,6,6,6,8,14,14,15,14,14,14,14,14,14,13,
@NAME=Series 169
5,5,5,4,5,5,3,5,6,5,7,7,8,4,7,7,2,7,6,8,14,14,14,14,15,14,14,14,14,13,
@NAME=Series 170
5,5,4,5,5,5,4,5,5,6,11,13,8,10,11,10,7,10,10,11,14,13,14,14,14,14,14,14,14,13,
@NAME=Series 171
5,4,4,4,5,5,5,5,6,5,2,2,1,2,2,2,2,2,2,4,14,14,12,14,14,13,13,14,14,13,
@NAME=Series 172
5,5,4,5,5,5,4,4,6,6,6,7,7,5,7,7,4,6,6,8,14,14,14,14,14,14,14,14,14,13,
@NAME=Series 173
5,5,4,4,5,4,4,5,6,6,7,8,4,6,8,4,6,7,6,8,14,14,14,14,14,14,14,14,14,13,
@NAME=Series 174
5,5,5,1,3,1,4,6,6,6,5,5,6,4,8,4,7,6,6,8,14,14,14,14,14,14,14,14,14,13,
@NAME=Series 175
5,5,2,3,1,4,6,5,5,6,10,11,3,10,6,11,8,8,9,11,14,14,14,14,14,14,14,14,14,13,
@NAME=Series 176
5,5,2,2,3,4,6,6,6,5,2,2,1,3,2,2,3,3,3,5,13,14,12,14,13,15,14,14,14,13,
@NAME=Series 177
4,5,3,2,1,4,5,5,6,6,5,5,8,1,8,4,4,4,5,7,14,14,14,14,14,14,14,14,14,13,
@NAME=Series 178
3,2,2,2,5,5,5,5,5,5,7,2,5,2,5,4,4,4,4,7,14,13,14,14,14,14,14,14,14,13,
@NAME=Series 179
6,6,6,5,3,5,5,2,5,6,4,4,4,6,2,4,6,1,5,7,14,14,14,14,13,14,15,13,14,13,
@NAME=Series 180
5,5,4,4,4,4,3,5,6,6,9,9,9,3,8,9,2,6,6,9,14,14,14,14,14,14,14,14,14,13,
@NAME=Series 181
5,5,3,5,5,3,4,5,6,5,2,2,2,1,3,2,1,2,2,4,13,14,13,13,14,12,13,14,14,13,
@NAME=Series 182
5,5,3,4,5,3,3,5,6,5,4,4,4,3,5,3,2,4,4,6,14,14,14,14,14,14,14,14,14,13,
@NAME=Series 183
5,3,4,6,3,4,5,6,6,5,4,4,2,5,4,2,5,4,4,6,14,14,14,14,14,14,14,14,14,13,
@NAME=Series 184
4,4,2,3,2,2,3,5,5,5,6,6,4,5,9,3,7,5,5,8,14,14,14,14,14,14,14,14,14,13,
@NAME=Series 185
5,5,4,2,3,3,2,5,5,6,13,13,13,10,14,11,12,13,12,12,12,12,11,14,11,14,13,13,13,12,
@NAME=Series 186
6,6,2,3,2,4,6,6,6,5,1,1,1,1,1,1,1,1,1,2,13,13,11,11,9,11,11,11,11,11,
@NAME=Series 187
6,5,3,3,3,4,5,5,5,5,5,8,1,7,2,5,5,5,5,7,14,14,14,14,14,14,14,14,14,13,
@NAME=Series 188
5,1,2,3,2,4,6,6,6,6,6,5,4,9,3,6,4,4,4,7,14,14,14,14,14,14,14,14,14,13,
@NAME=Series 189
5,5,3,4,3,4,3,3,3,4,7,7,10,5,8,9,5,6,8,9,14,14,14,14,14,14,14,14,14,13,
@NAME=Series 190
5,4,3,3,4,3,3,4,5,6,13,14,11,13,14,13,12,14,13,13,12,11,14,12,11,13,12,11,12,11,
@NAME=Series 191
6,3,3,3,3,2,2,5,5,5,2,2,1,2,2,1,3,3,2,4,14,13,13,14,14,13,14,14,14,13,
@NAME=Series 192
6,6,3,3,4,3,3,4,5,6,7,7,6,3,7,6,2,6,5,8,14,14,14,14,14,14,14,14,14,13,
@NAME=Series 193
5,2,3,4,3,3,3,4,5,5,6,6,3,7,5,3,7,6,6,8,14,14,14,14,14,14,14,14,14,13,
@NAME=Series 194
5,5,5,5,3,4,3,4,6,6,5,5,5,8,2,7,2,6,6,8,14,14,14,14,14,14,14,14,14,13,
@NAME=Series 195
5,5,3,3,4,3,5,5,5,6,10,10,10,10,11,7,10,10,9,11,14,14,14,14,14,15,14,14,14,13,
@NAME=Series 196
6,6,4,3,4,2,4,6,6,5,2,2,2,2,4,3,3,2,2,4,13,13,14,13,14,13,14,14,14,13,
@NAME=Series 197
6,6,2,3,4,4,6,6,6,6,4,4,4,5,4,3,4,4,4,6,14,14,14,14,14,14,14,14,14,13,
@NAME=Series 198
6,4,3,4,4,5,6,6,6,5,4,6,3,7,2,5,4,4,4,7,14,14,14,14,14,14,14,14,14,13,
@NAME=Series 199
5,5,4,2,4,5,4,4,5,5,5,4,6,2,5,6,5,4,6,7,14,14,14,14,14,14,14,14,14,13,
@NAME=Series 200
5,4,3,5,5,4,3,5,5,6,9,10,7,9,9,7,5,8,7,9,14,14,14,14,14,14,14,14,14,13,
@NAME=Series 201
6,5,3,4,6,6,4,5,6,6,2,2,2,2,2,2,2,2,2,4,13,14,14,14,14,14,14,14,14,13,
@NAME=Series 202
5,4,3,4,5,5,4,4,5,6,4,6,4,5,5,5,3,5,5,7,14,14,14,14,14,14,14,14,14,13,
@NAME=Series 203
5,3,4,5,4,3,5,6,6,6,5,5,4,6,5,3,6,5,5,7,14,14,14,14,14,14,14,14,14,13,
@NAME=Series 204
5,5,6,13,6,12,11,5,5,5,6,6,6,6,4,6,4,5,5,7,14,14,14,8,15,6,14,14,14,14,
@NAME=Series 205
5,10,13,6,11,11,5,5,5,6,10,8,7,11,6,9,11,11,11,12,14,10,11,14,7,13,14,14,14,13,
@NAME=Series 206
5,7,13,7,11,12,6,6,6,5,1,2,5,1,4,2,1,1,1,2,13,12,7,12,7,9,11,11,11,11,
@NAME=Series 207
5,5,12,11,6,13,8,5,5,5,5,5,6,5,4,7,4,5,4,7,14,15,7,14,14,7,15,14,14,14,
@NAME=Series 208
5,10,12,6,13,9,5,5,5,5,5,5,4,4,6,4,4,4,4,7,15,9,13,14,6,14,14,14,14,14,
@NAME=Series 209
5,5,7,13,12,6,7,14,11,6,5,5,4,5,4,4,4,6,4,7,14,14,14,7,13,15,14,7,14,14,
@NAME=Series 210
5,6,13,13,7,6,13,13,6,6,11,12,8,9,12,12,7,9,12,12,14,14,8,11,14,13,7,11,14,13,
@NAME=Series 211
5,5,12,13,8,7,13,12,6,5,2,2,3,2,1,1,5,2,1,2,14,14,8,9,12,12,7,9,10,10,
@NAME=Series 212
5,6,14,12,6,7,14,11,6,5,5,5,5,4,4,4,6,4,4,7,14,14,7,13,14,13,7,14,14,14,
@NAME=Series 213
6,14,13,6,10,14,9,5,5,5,5,5,4,4,4,5,4,5,5,8,14,7,12,15,11,8,14,14,14,14,
@NAME=Series 214
5,5,5,5,12,5,12,4,5,5,6,6,6,6,5,4,5,5,5,7,14,14,14,14,11,13,11,15,14,14,
@NAME=Series 215
5,5,5,12,4,12,4,5,5,6,11,11,12,5,12,4,10,9,9,10,14,14,14,9,15,7,14,14,14,13,
@NAME=Series 216
5,5,7,9,10,8,6,6,6,5,2,2,4,2,4,2,2,2,2,4,14,14,10,14,6,14,14,14,14,13,
@NAME=Series 217
5,4,12,3,12,4,5,5,5,5,6,6,6,4,6,6,6,6,6,8,14,15,7,15,8,15,14,14,14,14,
@NAME=Series 218
4,9,4,11,4,5,5,5,5,5,5,5,5,5,6,6,6,6,6,8,15,10,13,13,14,14,14,14,14,14,
@NAME=Series 219
5,5,5,10,11,5,12,9,4,5,6,6,6,6,4,4,6,3,6,8,14,14,15,8,14,15,7,14,14,14,
@NAME=Series 220
5,5,12,8,6,12,5,5,5,6,11,12,6,12,11,7,11,9,9,10,14,14,8,14,13,11,14,14,14,13,
@NAME=Series 221
5,5,14,7,7,13,5,5,5,5,2,3,6,2,3,4,3,3,3,5,14,13,9,14,11,10,14,14,14,13,
@NAME=Series 222
5,4,13,5,8,14,5,4,4,5,7,6,5,5,5,4,5,5,5,8,14,15,8,15,11,11,15,14,14,14,
@NAME=Series 223
5,9,10,4,13,9,5,5,5,5,6,5,5,4,5,5,7,7,7,9,15,10,13,15,7,14,14,14,14,14,
@NAME=Series 224
6,6,6,7,10,9,9,7,7,7,4,4,4,3,4,8,2,2,2,5,14,14,14,5,14,4,13,14,14,13,
@NAME=Series 225
6,6,10,6,12,7,7,7,7,7,11,8,6,10,4,9,9,9,9,10,14,13,10,14,7,14,14,14,14,13,
@NAME=Series 226
7,6,10,6,12,8,7,7,7,6,2,1,4,1,5,1,1,1,1,3,14,11,7,10,9,13,13,13,13,12,
@NAME=Series 227
6,5,12,5,12,6,6,7,7,7,5,3,5,3,8,2,2,2,2,4,14,13,6,8,8,14,14,14,14,13,
@NAME=Series 228
4,11,5,12,7,6,6,6,6,6,4,5,1,6,2,2,2,2,2,4,14,3,12,9,14,14,14,14,14,13,
@NAME=Series 229
6,6,7,14,10,7,14,8,6,6,4,4,3,6,2,2,6,3,3,5,14,14,13,4,14,8,7,14,14,13,
@NAME=Series 230
6,5,13,10,7,14,8,7,7,7,10,10,6,6,6,5,4,4,4,6,14,14,5,14,10,9,14,14,14,14,
@NAME=Series 231
5,8,14,8,10,10,6,6,6,5,1,2,5,1,4,1,1,1,1,2,12,6,7,12,5,11,12,12,12,11,
@NAME=Series 232
5,4,12,9,6,14,8,5,5,5,4,4,5,2,2,7,2,2,2,5,14,15,4,14,9,7,14,14,14,13,
@NAME=Series 233
6,12,12,7,13,10,6,6,6,5,2,4,2,1,8,1,1,1,1,3,14,3,11,12,4,12,13,13,13,12,
@NAME=Series 234
5,5,5,5,10,4,10,3,4,5,7,7,7,6,4,4,6,4,4,7,14,14,14,15,4,15,3,15,14,14,
@NAME=Series 235
5,5,5,11,6,9,4,5,5,6,11,11,13,3,14,4,14,14,14,14,14,14,14,6,12,8,10,11,11,11,
@NAME=Series 236
5,5,8,8,5,9,4,5,5,5,2,2,6,1,3,2,1,1,1,3,14,14,3,12,6,10,12,12,12,12,
@NAME=Series 237
6,6,6,5,10,3,11,5,5,5,5,5,5,5,6,5,6,5,5,7,14,14,14,15,3,14,7,15,14,14,
@NAME=Series 238
4,12,2,9,4,5,5,5,5,5,5,5,4,5,4,6,6,6,6,8,13,7,14,6,15,14,14,14,14,14,
@NAME=Series 239
5,5,8,14,5,9,14,8,5,5,6,6,6,5,6,4,6,6,5,7,14,15,11,6,15,11,6,14,14,14,
@NAME=Series 240
6,5,12,12,5,11,13,6,5,6,14,14,5,11,15,6,7,14,14,14,9,9,8,7,8,9,8,9,9,10,
@NAME=Series 241
5,5,12,11,3,10,12,4,4,4,1,1,5,2,1,6,2,1,1,2,11,12,5,9,10,5,9,10,9,10,
@NAME=Series 242
5,5,9,14,7,5,13,6,3,5,9,9,6,5,7,6,5,6,6,9,14,14,9,8,15,14,2,14,14,14,
@NAME=Series 243
6,14,14,5,8,14,9,4,5,5,9,4,4,7,5,5,6,7,7,9,14,4,9,15,11,4,14,14,14,13,
@NAME=Series 244
6,6,6,5,11,6,10,9,5,5,4,4,4,3,6,5,5,5,5,7,14,14,14,15,6,15,6,14,14,14,
@NAME=Series 245
5,12,4,12,4,4,4,4,4,5,11,7,11,9,12,12,11,12,12,12,12,10,11,11,14,13,13,13,13,13,
@NAME=Series 246
6,6,6,11,9,5,12,5,5,5,1,1,1,5,2,3,6,2,2,3,13,13,14,6,14,11,11,14,14,13,
@NAME=Series 247
5,5,6,12,4,12,5,4,5,5,5,5,4,5,5,6,4,4,4,6,14,14,10,13,14,8,15,14,14,14,
@NAME=Series 248
5,5,11,6,8,10,4,5,5,5,5,4,6,4,5,5,4,4,4,6,14,15,7,15,8,14,14,14,14,14,
@NAME=Series 249
5,5,5,12,8,5,12,11,4,5,6,6,5,6,5,4,5,6,5,8,14,14,15,6,14,15,5,14,14,14,
@NAME=Series 250
5,5,12,10,5,12,11,5,5,6,12,12,7,11,13,6,11,12,11,12,13,14,7,13,14,6,12,14,14,13,
@NAME=Series 251
5,5,13,9,6,13,10,5,5,4,2,2,7,3,3,6,3,2,2,4,13,14,7,14,14,6,14,14,14,13,
@NAME=Series 252
5,5,13,7,6,14,8,4,4,5,5,5,7,5,4,6,5,4,5,7,14,14,7,15,14,6,14,14,14,14,
@NAME=Series 253
5,10,13,6,7,13,4,5,5,5,5,6,5,4,4,6,5,4,4,7,15,8,12,15,11,11,15,14,14,14,